61.333333333333336
49.333333333333336
65.0
66.66666666666667
58.0
52.0
80.33333333333333
80.33333333333333
64.66666666666667
90.33333333333333
58.333333333333336
74.66666666666667
50.333333333333336
53.333333333333336
46.333333333333336
79.0
42.0
46.0
76.33333333333333
54.333333333333336
55.666666666666664
45.333333333333336
40.0
64.0
58.0
64.0
49.333333333333336
84.0
68.33333333333333
51.333333333333336
48.0
41.333333333333336
52.0
63.666666666666664
38.0
77.66666666666667
61.0
53.0
39.333333333333336
59.0
52.333333333333336
47.333333333333336
72.0
46.0
80.0
71.33333333333333
64.33333333333333
63.0
46.333333333333336
34.333333333333336
75.33333333333333
55.0
64.33333333333333
54.333333333333336
60.333333333333336
43.333333333333336
55.666666666666664
49.333333333333336
58.666666666666664
72.66666666666667
60.0
61.24590163934426 57.19672131147541 58.0
